AssMesBegin
7

PartListBegin
PartBegin
安装基准件
0
0
TRANSLATIONAL
CURRENT
SMatrixBegin
0.999635   -4.06184e-005   0.0270205   0
-0.000432692   0.999847   0.0175106   0
-0.0270171   -0.0175159   0.999482   0
31.1791   -19.2355   0.0224037   1
EMatrixBegin
0.999635   -4.06184e-005   0.0270205   0
-0.000432692   0.999847   0.0175106   0
-0.0270171   -0.0175159   0.999482   0
31.1791   -19.2355   0.0224037   1
D:\Model\DIPAN.ive
PartEnd
PartBegin
安装基准件
0
1
TRANSLATIONAL
CURRENT
SMatrixBegin
0.784585   0.619193   0.0320435   0
0.619433   -0.785044   0.0029844   0
0.0270035   0.017507   -0.999482   0
27.7469   -21.4699   127.288   1
EMatrixBegin
-0.190577   0.981599   0.0120434   0
0.9813   0.190152   0.0298605   0
0.0270211   0.0175089   -0.999482   0
30.4024   -19.7387   29.0076   1
D:\Model\LIANJIE.ive
PartEnd
PartBegin
安装基准件
1
2
TRANSLATIONAL
CURRENT
SMatrixBegin
-0.838795   -0.543494   -0.0321948   0
-0.543776   0.83923   8.36637e-006   0
0.0270139   0.0175135   -0.999482   0
35.896   -37.1989   180.359   1
EMatrixBegin
-0.838803   -0.543482   -0.0321848   0
-0.543764   0.839238   9.11428e-006   0
0.0270054   0.0175083   -0.999482   0
40.1828   -34.4192   22.0078   1
D:\Model\GUDINGD.ive
PartEnd
PartBegin
安装基准件
2
3
TRANSLATIONAL
CURRENT
SMatrixBegin
-0.839036   -0.543124   -0.032197   0
-0.543406   0.83947   2.34215e-005   0
0.0270165   0.0175157   -0.999482   0
-21.393   46.5619   258.947   1
EMatrixBegin
-0.839036   -0.543124   -0.032197   0
-0.543406   0.83947   2.34215e-005   0
0.0270165   0.0175157   -0.999482   0
-16.0713   50.0121   61.9876   1
D:\Model\TLKONG.ive
PartEnd
PartBegin
安装基准件
3
4
TRANSLATIONAL
CURRENT
SMatrixBegin
-0.5438   0.839215   7.99597e-006   0
0.83878   0.543518   0.0321986   0
0.0270176   0.0175165   -0.999482   0
-73.4716   9.90052   392.643   1
EMatrixBegin
-0.543765   0.839237   3.96398e-005   0
0.838803   0.543482   0.0321852   0
0.0269899   0.0175346   -0.999482   0
-65.8375   14.884   110.059   1
D:\Model\HUODONGD.ive
PartEnd
PartBegin
安装基准件
4
5
TRANSLATIONAL
CURRENT
SMatrixBegin
0.825184   0.534711   -0.182085   0
0.152813   0.099011   0.983283   0
0.5438   -0.839215   -7.92364e-006   0
-127.333   220.921   80.9937   1
EMatrixBegin
0.425328   0.275664   -0.862035   0
0.723443   0.468759   0.506848   0
0.543807   -0.83921   -5.0402e-005   0
-42.6017   90.0526   80.8667   1
D:\Model\ZHOU.ive
PartEnd
PartBegin
安装基准件
5
6
TRANSLATIONAL
CURRENT
SMatrixBegin
0.8394   0.542543   0.0324597   0
0.0272415   0.0176504   -0.999473   0
-0.542831   0.839842   3.61171e-005   0
-161.93   273.944   81.0224   1
EMatrixBegin
0.8394   0.542543   0.0324725   0
0.0272522   0.0176573   -0.999473   0
-0.542831   0.839842   3.61171e-005   0
-38.3629   83.2402   81.011   1
D:\Model\GUDINGHUAN.ive
PartEnd

PartListEnd